0.669787   -2.02396992  1.43289271  1.06923853  1.71444449  0.74387399
 -2.04363942 -0.67860329 -0.04749204 -1.46976488 -0.86417686 -1.84838498
 -1.27182547 -0.93428978 -0.73415741  3.18515794  1.35139348 -0.09701715
 -1.93150361  2.73890793  2.33812285 -1.93673697 -1.98885366  2.33466499
  0.43899014 -1.58597553 -0.3731388   0.76752279  2.94821884  2.76253526
  1.65179125 -0.8731169   2.16172321  2.06156753 -1.15845639  1.1641107
 -1.54707525  1.81336135  0.04968579 -1.97375691  1.06269622 -1.42689992
 -1.63442682 -2.07459735 -1.94364473 -1.98351709  1.53278923 -1.90841166
  0.67047877  0.44359863  0.22459286  1.868336   -1.18094952 -1.78799614
 -0.85092246 -1.26285145 -0.78518144  2.49272186  2.26908736 -0.5354379
 -1.46065212  1.41281595  2.13141478  1.89593761  1.29297652 -0.58846002
 -2.31644846 -1.28929999  2.18023251  1.24258802 -1.86880148  1.35617762
  0.91433877 -1.52157528  1.00372519  1.4949318  -0.40636864 -1.68770604
  2.29667251  1.07714851  1.56737975 -1.69199357 -1.34796111  0.00793137
  1.67467427 -0.95855283  1.5108885   1.80709613  1.87271752  1.01618041
  0.95936074 -1.30104869  0.3471383  -1.12352716 -2.42165857 -1.91088578
 -1.73030157 -1.56784898 -0.69574048 -0.55552381