3.59540802  7.99569054  4.37679234  4.53068484  5.02521524  4.12240568
  4.06392123  7.88799076  5.47425256  7.69183251  6.86528639  6.90859736
  7.13460392  7.73253222  7.44484466  0.08900822  2.06383637  3.48456995
  2.9369806   0.15676817  3.43116792  7.57276799  3.24143178 -0.02408255
  4.53592883  2.51979529  3.80619114  4.39759671  2.03519717  0.78970876
  0.68193176  6.87422542  0.6565951   1.96918596  3.47120626  3.79132988
  8.99317925  1.6311307   8.63737679  2.42201914  5.17635143  3.29890112
  6.50141812  3.58809203  2.82810154  8.3420778   0.55035386  3.32374224
  4.04094275  3.11530945  4.77028154  0.93136287  2.79290301  4.0274405
  2.26992336  7.39264147  8.32956251  0.97505341  1.32160756  8.02562558
  7.01048924  1.5303347   1.13885728  5.18540259  1.47930168  8.22861825
  2.6409315   2.26204536  1.48364708  4.50399192  8.24441673  1.43815955
  4.55014643  7.84594751  4.19147702  3.85848832  3.46150906  3.3993561
  0.48677761  1.17533301 -0.1381059   8.76126877  3.7137138   4.17614316
  0.68001896  2.82487621  0.9288309   0.44919077  4.18069237  4.48527047
  4.56078645  2.25824179  3.45177657  3.16235936  3.18151728  7.86675906
  7.42173015  3.94588789  8.02669661  4.69595848